test_instance, regression_pred, ground truth
2203, 18.288, 19.5
361, 13.959, 13.5
2421, 15.943, 16.5
851, 10.5, 10.5
3607, 9.086, 9.5
3736, 11.959, 11.5
3153, 10.5, 10.5
3331, 11.959, 12.5
2447, 6.847, 7.5
3371, 11.959, 11.5
3199, 10.5, 10.5
3281, 11.959, 12.5
1304, 10.5, 10.5
3724, 9.086, 8.5
3742, 13.959, 14.5
1449, 6.847, 7.5
3599, 13.959, 13.5
1468, 9.086, 9.5
1805, 10.5, 10.5
3194, 13.959, 13.5
348, 9.086, 9.5
3611, 11.959, 11.5
3579, 10.5, 10.5
3265, 15.943, 15.5
217, 9.086, 8.5
345, 13.959, 14.5
3741, 13.959, 13.5
2038, 6.847, 6.5
1242, 10.5, 10.5
3920, 9.086, 9.5
3543, 9.086, 9.5
3711, 11.959, 12.5
390, 11.959, 11.5
337, 18.288, 17.5
4030, 9.086, 8.5
3109, 9.086, 8.5
800, 11.959, 11.5
3950, 13.959, 14.5
371, 18.288, 17.5
1581, 9.086, 9.5
4043, 9.086, 9.5
3021, 10.5, 10.5
2310, 13.959, 14.5
999, 11.959, 12.5
1306, 10.5, 10.5
1987, 6.847, 5.5
2159, 13.959, 13.5
1450, 9.086, 8.5
3896, 15.943, 15.5
2030, 11.959, 11.5
3435, 9.086, 8.5
744, 22.04, 21.5
1992, 6.847, 6.5
2221, 18.288, 18.5
3699, 11.959, 12.5
1974, 11.959, 11.5
239, 6.847, 6.5
74, 13.959, 14.5
86, 13.959, 14.5
1023, 11.959, 11.5
2056, 9.086, 8.5
1525, 11.959, 12.5
3641, 10.5, 10.5
3928, 11.959, 11.5
830, 6.847, 7.5
3029, 11.959, 12.5
3463, 11.959, 12.5
2103, 10.5, 10.5
1771, 9.086, 9.5
3809, 9.086, 9.5
1551, 9.086, 8.5
1521, 13.959, 13.5
430, 18.288, 19.5
1494, 11.959, 11.5
1509, 11.959, 12.5
1877, 9.086, 9.5
1832, 9.086, 9.5
3456, 13.959, 13.5
95, 15.943, 15.5
3958, 10.5, 10.5
3125, 11.959, 11.5
722, 15.943, 16.5
2769, 11.959, 12.5
2339, 18.288, 18.5
273, 15.943, 16.5
2821, 9.086, 8.5
2650, 9.086, 9.5
921, 6.847, 6.5
2955, 15.943, 16.5
1358, 11.959, 12.5
2040, 9.086, 9.5
4101, 11.959, 12.5
1636, 11.959, 11.5
3364, 11.959, 12.5
2868, 9.086, 8.5
1911, 11.959, 11.5
1222, 9.086, 8.5
1710, 11.959, 11.5
2437, 10.5, 10.5
582, 22.04, 20.5
975, 9.086, 9.5
172, 9.086, 9.5
923, 6.847, 7.5
1950, 11.959, 11.5
3733, 11.959, 11.5
2762, 10.5, 10.5
2340, 11.959, 12.5
365, 22.04, 20.5
1142, 10.5, 10.5
3085, 6.847, 7.5
3166, 18.288, 19.5
362, 22.04, 21.5
2234, 15.943, 15.5
2766, 9.086, 9.5
4072, 9.086, 9.5
2367, 15.943, 16.5
2545, 6.847, 5.5
960, 9.086, 8.5
3279, 18.288, 19.5
3495, 9.086, 9.5
446, 13.959, 14.5
927, 9.086, 9.5
2881, 9.086, 9.5
157, 18.288, 17.5
3518, 11.959, 12.5
1664, 10.5, 10.5
1219, 6.847, 7.5
1667, 11.959, 12.5
661, 11.959, 12.5
3654, 10.5, 10.5
1074, 9.086, 8.5
2806, 10.5, 10.5
2033, 11.959, 11.5
3418, 9.086, 9.5
3390, 11.959, 11.5
1770, 6.847, 7.5
1722, 10.5, 10.5
341, 15.943, 15.5
3807, 9.086, 9.5
3759, 10.5, 10.5
3600, 6.847, 5.5
4084, 11.959, 11.5
202, 13.959, 13.5
2003, 6.847, 7.5
4082, 10.5, 10.5
404, 9.086, 8.5
2657, 10.5, 10.5
2212, 13.959, 14.5
1073, 9.086, 8.5
3288, 15.943, 16.5
1878, 11.959, 11.5
2499, 22.04, 20.5
3017, 9.086, 9.5
3760, 10.5, 10.5
2148, 9.086, 9.5
3697, 13.959, 13.5
3409, 9.086, 8.5
1926, 11.959, 12.5
1072, 6.847, 7.5
1845, 9.086, 9.5
2435, 15.943, 15.5
2660, 9.086, 9.5
480, 22.04, 30.5
2560, 9.086, 8.5
1012, 11.959, 11.5
3935, 11.959, 12.5
2492, 11.959, 12.5
576, 11.959, 11.5
376, 11.959, 12.5
4096, 13.959, 13.5
2172, 6.847, 6.5
2584, 10.5, 10.5
3869, 10.5, 10.5
794, 13.959, 13.5
4149, 6.847, 7.5
1178, 10.5, 10.5
2638, 9.086, 8.5
2710, 11.959, 12.5
2300, 11.959, 11.5
4127, 11.959, 11.5
3727, 9.086, 8.5
3303, 13.959, 13.5
615, 13.959, 14.5
3823, 10.5, 10.5
1335, 10.5, 10.5
3423, 11.959, 12.5
3037, 10.5, 10.5
3581, 10.5, 10.5
2171, 6.847, 7.5
29, 11.959, 12.5
2858, 11.959, 12.5
163, 18.288, 19.5
3023, 9.086, 9.5
1573, 9.086, 9.5
3396, 18.288, 19.5
562, 11.959, 12.5
787, 13.959, 13.5
2009, 9.086, 9.5
4170, 11.959, 11.5
1598, 10.5, 10.5
393, 10.5, 10.5
1520, 11.959, 11.5
3247, 15.943, 16.5
219, 9.086, 9.5
2118, 9.086, 9.5
916, 6.847, 7.5
2966, 11.959, 11.5
1218, 6.847, 6.5
3877, 15.943, 16.5
4010, 10.5, 10.5
823, 6.847, 7.5
2400, 13.959, 14.5
2812, 6.847, 6.5
1757, 11.959, 12.5
2097, 9.086, 8.5
2555, 6.847, 7.5
3880, 9.086, 8.5
3526, 6.847, 7.5
3719, 9.086, 8.5
3666, 9.086, 9.5
3221, 10.5, 10.5
2146, 11.959, 12.5
3620, 10.5, 10.5
3841, 11.959, 12.5
506, 13.959, 13.5
1094, 6.847, 7.5
2187, 15.943, 15.5
1343, 11.959, 11.5
3337, 15.943, 16.5
139, 10.5, 10.5
3652, 11.959, 11.5
3662, 9.086, 9.5
81, 13.959, 13.5
2425, 13.959, 14.5
3723, 10.5, 10.5
3175, 11.959, 12.5
2627, 6.847, 6.5
2732, 9.086, 9.5
4085, 11.959, 12.5
87, 11.959, 11.5
743, 18.288, 18.5
4037, 11.959, 11.5
188, 11.959, 12.5
1017, 11.959, 12.5
1908, 10.5, 10.5
2556, 6.847, 7.5
1968, 13.959, 13.5
378, 15.943, 16.5
428, 22.04, 22.5
546, 9.086, 9.5
3284, 11.959, 12.5
2954, 13.959, 13.5
857, 13.959, 13.5
75, 15.943, 16.5
4013, 9.086, 9.5
3476, 9.086, 8.5
724, 11.959, 12.5
3140, 22.04, 21.5
1772, 9.086, 9.5
2616, 10.5, 10.5
1239, 9.086, 8.5
1706, 11.959, 11.5
1118, 10.5, 10.5
1513, 9.086, 9.5
492, 11.959, 12.5
2385, 13.959, 13.5
612, 10.5, 10.5
3132, 11.959, 11.5
466, 13.959, 13.5
1300, 10.5, 10.5
184, 13.959, 13.5
1527, 13.959, 13.5
3282, 13.959, 14.5
134, 9.086, 8.5
455, 11.959, 12.5
3448, 9.086, 8.5
2324, 18.288, 18.5
3203, 18.288, 18.5
2211, 18.288, 18.5
4025, 9.086, 8.5
117, 11.959, 11.5
394, 6.847, 7.5
985, 11.959, 11.5
917, 9.086, 8.5
231, 15.943, 15.5
3007, 15.943, 15.5
1989, 6.847, 7.5
2835, 9.086, 9.5
2981, 9.086, 9.5
3560, 11.959, 11.5
4020, 11.959, 12.5
952, 9.086, 8.5
3601, 9.086, 9.5
2527, 11.959, 11.5
2530, 10.5, 10.5
1475, 9.086, 9.5
635, 9.086, 9.5
2406, 11.959, 11.5
1268, 11.959, 12.5
1889, 9.086, 8.5
3097, 11.959, 12.5
3273, 13.959, 14.5
3517, 11.959, 12.5
271, 18.288, 17.5
1370, 11.959, 11.5
854, 11.959, 11.5
3942, 11.959, 12.5
4032, 9.086, 9.5
2387, 11.959, 12.5
2078, 9.086, 9.5
2357, 18.288, 18.5
3191, 13.959, 14.5
1337, 11.959, 11.5
1350, 11.959, 11.5
1568, 9.086, 9.5
669, 13.959, 14.5
3011, 9.086, 9.5
3483, 9.086, 8.5
3213, 13.959, 14.5
2779, 10.5, 10.5
258, 15.943, 16.5
1612, 10.5, 10.5
1075, 6.847, 7.5
2292, 10.5, 10.5
1851, 10.5, 10.5
164, 18.288, 17.5
1320, 10.5, 10.5
2127, 9.086, 8.5
3952, 6.847, 6.5
1294, 10.5, 10.5
349, 15.943, 15.5
2130, 10.5, 10.5
1862, 9.086, 9.5
2249, 13.959, 13.5
3468, 11.959, 12.5
3808, 11.959, 11.5
1044, 9.086, 9.5
3378, 9.086, 9.5
2147, 13.959, 13.5
945, 9.086, 9.5
3256, 13.959, 13.5
2383, 18.288, 17.5
2573, 9.086, 9.5
3957, 11.959, 11.5
1495, 9.086, 9.5
2270, 18.288, 19.5
3168, 15.943, 16.5
140, 11.959, 11.5
1281, 10.5, 10.5
580, 11.959, 12.5
4099, 10.5, 10.5
3617, 10.5, 10.5
3774, 10.5, 10.5
560, 9.086, 9.5
2603, 10.5, 10.5
2176, 22.04, 21.5
183, 11.959, 11.5
78, 11.959, 12.5
1727, 11.959, 11.5
955, 9.086, 9.5
3743, 13.959, 13.5
283, 15.943, 15.5
2481, 9.086, 9.5
1687, 10.5, 10.5
1847, 9.086, 9.5
1014, 10.5, 10.5
3419, 9.086, 9.5
3081, 15.943, 15.5
203, 13.959, 14.5
1496, 10.5, 10.5
1957, 18.288, 17.5
2389, 11.959, 12.5
191, 13.959, 13.5
14, 11.959, 11.5
3464, 11.959, 11.5
1776, 10.5, 10.5
3695, 11.959, 11.5
206, 10.5, 10.5
3379, 9.086, 9.5
1364, 13.959, 13.5
2608, 9.086, 9.5
2314, 15.943, 15.5
3289, 15.943, 16.5
3845, 11.959, 12.5
1323, 10.5, 10.5
1796, 11.959, 11.5
1122, 10.5, 10.5
1361, 10.5, 10.5
1891, 10.5, 10.5
1828, 9.086, 8.5
3327, 18.288, 17.5
2123, 6.847, 7.5
1997, 6.847, 7.5
1963, 10.5, 10.5
3015, 6.847, 7.5
2091, 9.086, 9.5
1091, 6.847, 7.5
734, 18.288, 19.5
1779, 10.5, 10.5
2019, 10.5, 10.5
218, 11.959, 11.5
3754, 9.086, 9.5
483, 22.04, 20.5
3157, 10.5, 10.5
2418, 18.288, 19.5
2600, 11.959, 11.5
1321, 10.5, 10.5
2337, 11.959, 12.5
262, 11.959, 12.5
3580, 11.959, 11.5
131, 10.5, 10.5
127, 9.086, 9.5
1021, 11.959, 11.5
396, 11.959, 11.5
3861, 15.943, 15.5
711, 11.959, 12.5
2975, 6.847, 7.5
1820, 13.959, 14.5
1800, 10.5, 10.5
1302, 9.086, 9.5
3734, 11.959, 11.5
4069, 9.086, 9.5
211, 9.086, 8.5
3575, 9.086, 9.5
76, 10.5, 10.5
350, 9.086, 9.5
2238, 9.086, 9.5
4151, 6.847, 7.5
383, 13.959, 13.5
2782, 9.086, 9.5
1455, 9.086, 9.5
3890, 18.288, 17.5
3184, 13.959, 14.5
759, 15.943, 16.5
3297, 18.288, 18.5
2199, 22.04, 22.5
593, 22.04, 20.5
3059, 11.959, 12.5
1154, 9.086, 9.5
3923, 13.959, 13.5
2401, 13.959, 13.5
843, 9.086, 9.5
3384, 9.086, 8.5
3496, 9.086, 9.5
862, 11.959, 12.5
3429, 6.847, 7.5
2350, 13.959, 13.5
3549, 10.5, 10.5
749, 15.943, 16.5
802, 10.5, 10.5
2949, 11.959, 12.5
285, 11.959, 11.5
3946, 13.959, 14.5
1792, 10.5, 10.5
4107, 9.086, 8.5
111, 10.5, 10.5
2728, 9.086, 9.5
3976, 9.086, 8.5
852, 11.959, 11.5
277, 18.288, 19.5
2186, 10.5, 10.5
3547, 10.5, 10.5
2440, 13.959, 14.5
3693, 11.959, 12.5
3860, 15.943, 15.5
1171, 9.086, 9.5
2959, 13.959, 14.5
1991, 6.847, 7.5
972, 9.086, 9.5
3096, 10.5, 10.5
3474, 6.847, 7.5
4008, 13.959, 13.5
1789, 10.5, 10.5
1421, 13.959, 14.5
3899, 6.847, 5.5
1758, 11.959, 12.5
1212, 6.847, 6.5
3718, 9.086, 8.5
2280, 10.5, 10.5
316, 15.943, 15.5
1548, 9.086, 9.5
824, 9.086, 8.5
1918, 11.959, 12.5
1063, 6.847, 6.5
3370, 13.959, 13.5
1660, 10.5, 10.5
2388, 11.959, 11.5
3049, 10.5, 10.5
2065, 9.086, 9.5
789, 13.959, 13.5
2633, 6.847, 7.5
445, 10.5, 10.5
2778, 9.086, 9.5
3388, 13.959, 14.5
3375, 11.959, 11.5
3755, 9.086, 9.5
3357, 9.086, 9.5
3193, 22.04, 21.5
15, 13.959, 13.5
3494, 10.5, 10.5
3470, 11.959, 12.5
223, 11.959, 12.5
3767, 11.959, 11.5
1811, 11.959, 12.5
2832, 10.5, 10.5
701, 15.943, 15.5
1234, 6.847, 6.5
229, 15.943, 16.5
3480, 9.086, 9.5
919, 6.847, 7.5
1103, 9.086, 8.5
25, 11.959, 12.5
3918, 18.288, 19.5
973, 11.959, 12.5
1394, 15.943, 16.5
2824, 9.086, 8.5
2852, 10.5, 10.5
1919, 11.959, 11.5
2889, 9.086, 9.5
3122, 9.086, 9.5
715, 9.086, 8.5
1882, 9.086, 9.5
3764, 11.959, 11.5
4138, 11.959, 12.5
608, 11.959, 11.5
3075, 11.959, 12.5
1164, 11.959, 11.5
3400, 11.959, 11.5
3294, 15.943, 15.5
1210, 6.847, 7.5
598, 13.959, 13.5
1983, 11.959, 12.5
3926, 15.943, 15.5
2245, 10.5, 10.5
1153, 10.5, 10.5
3959, 11.959, 12.5
2419, 11.959, 11.5
1266, 10.5, 10.5
2654, 10.5, 10.5
2878, 9.086, 9.5
2255, 13.959, 13.5
937, 9.086, 8.5
3287, 13.959, 13.5
2724, 9.086, 9.5
2543, 11.959, 11.5
1947, 13.959, 13.5
1666, 10.5, 10.5
4126, 11.959, 12.5
3209, 15.943, 15.5
215, 11.959, 11.5
3035, 11.959, 11.5
4039, 11.959, 12.5
3438, 6.847, 7.5
2535, 11.959, 12.5
2643, 9.086, 9.5
1297, 10.5, 10.5
153, 11.959, 11.5
28, 15.943, 16.5
1225, 6.847, 6.5
3797, 13.959, 14.5
3090, 11.959, 11.5
1309, 11.959, 11.5
827, 6.847, 7.5
2397, 18.288, 18.5
814, 9.086, 8.5
2364, 15.943, 16.5
780, 13.959, 14.5
1944, 11.959, 12.5
2283, 9.086, 8.5
1767, 9.086, 8.5
801, 11.959, 11.5
3591, 10.5, 10.5
3347, 11.959, 12.5
4132, 11.959, 11.5
616, 13.959, 13.5
4070, 9.086, 8.5
1669, 11.959, 11.5
186, 13.959, 13.5
4086, 9.086, 9.5
448, 13.959, 13.5
3970, 6.847, 7.5
1231, 9.086, 8.5
3173, 6.847, 7.5
2281, 9.086, 9.5
3998, 6.847, 7.5
3054, 13.959, 13.5
512, 11.959, 11.5
2346, 13.959, 14.5
2446, 15.943, 15.5
2610, 10.5, 10.5
247, 10.5, 10.5
2679, 10.5, 10.5
2830, 10.5, 10.5
849, 11.959, 11.5
2214, 9.086, 9.5
2743, 9.086, 8.5
1209, 11.959, 12.5
70, 13.959, 14.5
1653, 11.959, 11.5
2568, 9.086, 8.5
1836, 6.847, 7.5
405, 13.959, 13.5
3238, 15.943, 15.5
194, 11.959, 11.5
1368, 11.959, 11.5
2396, 15.943, 15.5
671, 18.288, 18.5
1456, 9.086, 8.5
3226, 11.959, 11.5
3806, 9.086, 9.5
1728, 15.943, 15.5
542, 15.943, 16.5
3416, 9.086, 8.5
3932, 11.959, 12.5
468, 18.288, 18.5
3407, 6.847, 7.5
1160, 10.5, 10.5
2576, 9.086, 8.5
2742, 9.086, 9.5
4004, 11.959, 11.5
3676, 11.959, 11.5
792, 10.5, 10.5
1319, 10.5, 10.5
535, 11.959, 12.5
1633, 11.959, 11.5
1748, 11.959, 12.5
2749, 10.5, 10.5
3752, 9.086, 9.5
1940, 11.959, 12.5
3232, 13.959, 14.5
3149, 22.04, 25.5
1682, 11.959, 12.5
1262, 9.086, 9.5
2833, 10.5, 10.5
3044, 10.5, 10.5
2434, 18.288, 17.5
679, 9.086, 9.5
2540, 13.959, 14.5
733, 13.959, 14.5
100, 9.086, 8.5
2404, 15.943, 16.5
3831, 11.959, 11.5
2855, 11.959, 12.5
454, 15.943, 15.5
3164, 13.959, 14.5
2501, 10.5, 10.5
2957, 11.959, 12.5
589, 13.959, 14.5
2032, 13.959, 13.5
1524, 11.959, 12.5
568, 9.086, 8.5
3325, 11.959, 11.5
4031, 9.086, 9.5
304, 11.959, 11.5
171, 9.086, 8.5
1935, 13.959, 13.5
931, 6.847, 7.5
124, 6.847, 7.5
1907, 10.5, 10.5
80, 10.5, 10.5
2846, 11.959, 11.5
2582, 6.847, 7.5
39, 10.5, 10.5
2601, 11.959, 11.5
2410, 11.959, 11.5
1584, 6.847, 7.5
1194, 10.5, 10.5
2445, 13.959, 13.5
1692, 11.959, 11.5
3555, 9.086, 9.5
3817, 9.086, 9.5
1117, 9.086, 9.5
1535, 6.847, 7.5
2266, 15.943, 15.5
2013, 11.959, 11.5
3224, 18.288, 17.5
3675, 11.959, 11.5
2046, 9.086, 8.5
6, 22.04, 21.5
1184, 10.5, 10.5
1384, 10.5, 10.5
1417, 11.959, 11.5
3198, 11.959, 12.5
2167, 6.847, 6.5
2207, 9.086, 9.5
1435, 6.847, 6.5
1522, 11.959, 12.5
1271, 9.086, 9.5
618, 10.5, 10.5
3891, 13.959, 13.5
2996, 11.959, 11.5
3901, 13.959, 13.5
367, 11.959, 11.5
2548, 6.847, 5.5
863, 11.959, 11.5
746, 18.288, 18.5
3708, 10.5, 10.5
1603, 10.5, 10.5
1844, 9.086, 8.5
48, 6.847, 7.5
1097, 9.086, 9.5
2617, 10.5, 10.5
3730, 10.5, 10.5
2086, 11.959, 11.5
2780, 11.959, 11.5
1422, 13.959, 13.5
1431, 9.086, 8.5
3177, 15.943, 16.5
2333, 13.959, 14.5
248, 9.086, 8.5
3859, 10.5, 10.5
1227, 9.086, 9.5
3509, 11.959, 11.5
839, 10.5, 10.5
40, 10.5, 10.5
3572, 10.5, 10.5
3638, 9.086, 9.5
976, 9.086, 8.5
2770, 11.959, 11.5
3847, 10.5, 10.5
1619, 11.959, 11.5
2403, 11.959, 11.5
2538, 15.943, 16.5
99, 11.959, 11.5
4051, 11.959, 11.5
3975, 6.847, 7.5
2887, 10.5, 10.5
424, 6.847, 7.5
3185, 11.959, 12.5
257, 11.959, 11.5
3411, 9.086, 8.5
1420, 11.959, 12.5
3271, 18.288, 18.5
4000, 9.086, 8.5
1252, 9.086, 8.5
4089, 10.5, 10.5
1328, 11.959, 11.5
2523, 10.5, 10.5
1498, 11.959, 12.5
2656, 9.086, 8.5
2916, 11.959, 11.5
2673, 10.5, 10.5
2036, 6.847, 6.5
867, 13.959, 13.5
1149, 10.5, 10.5
3818, 10.5, 10.5
336, 15.943, 15.5
1595, 10.5, 10.5
1077, 9.086, 8.5
1403, 11.959, 11.5
2237, 18.288, 18.5
3604, 9.086, 9.5
4095, 11.959, 12.5
2478, 9.086, 9.5
1718, 11.959, 12.5
2165, 10.5, 10.5
176, 6.847, 6.5
1762, 13.959, 13.5
1519, 11.959, 11.5
3786, 11.959, 11.5
4176, 13.959, 13.5
3588, 13.959, 13.5
4122, 9.086, 9.5
3189, 9.086, 8.5
3350, 11.959, 12.5
3492, 9.086, 9.5
3471, 10.5, 10.5
742, 15.943, 15.5
4067, 6.847, 7.5
2747, 11.959, 11.5
1037, 10.5, 10.5
1516, 11.959, 11.5
3, 11.959, 11.5
1360, 11.959, 12.5
3627, 11.959, 11.5
3507, 11.959, 12.5
2681, 10.5, 10.5
697, 6.847, 6.5
3112, 9.086, 8.5
1895, 11.959, 12.5
3954, 9.086, 8.5
1507, 11.959, 11.5
1657, 10.5, 10.5
859, 9.086, 9.5
1359, 11.959, 11.5
3624, 10.5, 10.5
1375, 11.959, 11.5
1740, 11.959, 11.5
1029, 11.959, 11.5
2382, 11.959, 12.5
3561, 10.5, 10.5
730, 11.959, 12.5
1698, 11.959, 12.5
3200, 11.959, 11.5
636, 9.086, 8.5
478, 22.04, 22.5
3156, 11.959, 11.5
1413, 13.959, 14.5
1729, 11.959, 12.5
1816, 11.959, 11.5
2105, 11.959, 11.5
1411, 11.959, 12.5
2308, 11.959, 12.5
1921, 11.959, 11.5
4120, 9.086, 8.5
1760, 11.959, 12.5
151, 10.5, 10.5
279, 11.959, 12.5
2082, 11.959, 11.5
200, 10.5, 10.5
3948, 13.959, 13.5
1630, 10.5, 10.5
2354, 11.959, 12.5
450, 18.288, 17.5
2135, 13.959, 13.5
920, 6.847, 7.5
1041, 11.959, 11.5
463, 6.847, 6.5
2149, 9.086, 8.5
1717, 10.5, 10.5
3829, 13.959, 13.5
1058, 6.847, 5.5
938, 6.847, 7.5
212, 13.959, 13.5
56, 9.086, 9.5
3565, 10.5, 10.5
1493, 9.086, 9.5
1621, 11.959, 11.5
2235, 13.959, 14.5
2825, 9.086, 9.5
1331, 11.959, 11.5
4144, 11.959, 12.5
3458, 9.086, 9.5
3636, 9.086, 9.5
601, 11.959, 11.5
3702, 11.959, 12.5
1922, 9.086, 9.5
3440, 9.086, 8.5
3433, 6.847, 7.5
4080, 9.086, 9.5
2453, 9.086, 9.5
491, 13.959, 14.5
4059, 9.086, 9.5
1658, 9.086, 9.5
1327, 11.959, 12.5
1050, 11.959, 12.5
1565, 9.086, 8.5
1011, 11.959, 11.5
1322, 11.959, 11.5
64, 9.086, 9.5
1362, 13.959, 13.5
1046, 11.959, 11.5
4076, 9.086, 9.5
3138, 11.959, 11.5
130, 18.288, 18.5
342, 13.959, 13.5
3322, 15.943, 16.5
2866, 6.847, 6.5
2341, 9.086, 8.5
563, 11.959, 12.5
3233, 13.959, 13.5
251, 13.959, 14.5
3103, 11.959, 12.5
903, 6.847, 7.5
3776, 13.959, 14.5
3883, 11.959, 11.5
3694, 11.959, 11.5
2631, 6.847, 7.5
2586, 9.086, 8.5
2907, 11.959, 11.5
1352, 11.959, 11.5
2313, 18.288, 17.5
1068, 6.847, 7.5
853, 10.5, 10.5
1678, 13.959, 13.5
1942, 10.5, 10.5
2968, 13.959, 13.5
2886, 9.086, 9.5
2141, 9.086, 8.5
3812, 13.959, 13.5
2332, 10.5, 10.5
692, 11.959, 12.5
1047, 13.959, 13.5
1699, 13.959, 14.5
1464, 10.5, 10.5
293, 22.04, 20.5
2874, 9.086, 9.5
3330, 11.959, 11.5
2761, 11.959, 11.5
516, 10.5, 10.5
2269, 13.959, 13.5
3386, 13.959, 14.5
3145, 13.959, 14.5
2112, 9.086, 9.5
3345, 13.959, 13.5
1848, 10.5, 10.5
1461, 6.847, 7.5
963, 10.5, 10.5
3070, 10.5, 10.5
1873, 10.5, 10.5
3408, 9.086, 8.5
544, 11.959, 11.5
837, 10.5, 10.5
1526, 11.959, 11.5
1822, 11.959, 12.5
1064, 6.847, 7.5
2021, 10.5, 10.5
329, 9.086, 9.5
3040, 11.959, 11.5
3250, 10.5, 10.5
3211, 11.959, 11.5
2801, 11.959, 11.5
2232, 10.5, 10.5
2303, 11.959, 12.5
1264, 9.086, 9.5
240, 18.288, 18.5
1866, 11.959, 11.5
2372, 13.959, 13.5
1802, 11.959, 12.5
930, 9.086, 8.5
896, 6.847, 5.5
2704, 11.959, 11.5
3578, 11.959, 11.5
3113, 9.086, 8.5
3671, 11.959, 11.5
4022, 11.959, 12.5
2151, 18.288, 19.5
2522, 11.959, 12.5
725, 18.288, 18.5
2101, 22.04, 20.5
2228, 13.959, 13.5
3479, 9.086, 8.5
3856, 10.5, 10.5
2002, 9.086, 8.5
1675, 9.086, 8.5
58, 6.847, 5.5
1167, 9.086, 9.5
1038, 11.959, 11.5
710, 9.086, 8.5
1093, 9.086, 8.5
1635, 10.5, 10.5
2869, 6.847, 6.5
2309, 13.959, 14.5
1553, 9.086, 8.5
442, 22.04, 20.5
2634, 9.086, 8.5
4003, 9.086, 9.5
1112, 9.086, 8.5
1100, 10.5, 10.5
572, 22.04, 21.5
686, 13.959, 14.5
1163, 10.5, 10.5
959, 9.086, 8.5
673, 22.04, 22.5
3684, 11.959, 12.5
2921, 10.5, 10.5
2708, 11.959, 12.5
2884, 10.5, 10.5
2479, 15.943, 15.5
398, 13.959, 13.5
3648, 10.5, 10.5
949, 6.847, 7.5
4014, 11.959, 11.5
1053, 6.847, 5.5
63, 9.086, 8.5
2978, 9.086, 9.5
2126, 11.959, 11.5
1837, 6.847, 7.5
1151, 9.086, 8.5
3333, 13.959, 13.5
2730, 6.847, 7.5
3105, 6.847, 6.5
1998, 9.086, 8.5
2088, 13.959, 13.5
705, 11.959, 11.5
3249, 6.847, 7.5
3646, 10.5, 10.5
3796, 11.959, 12.5
2602, 9.086, 9.5
3732, 11.959, 11.5
2920, 11.959, 11.5
3061, 11.959, 11.5
1589, 10.5, 10.5
768, 11.959, 12.5
1544, 6.847, 7.5
3905, 6.847, 7.5
3805, 10.5, 10.5
1952, 11.959, 11.5
3362, 10.5, 10.5
727, 13.959, 13.5
538, 6.847, 6.5
2271, 15.943, 15.5
3266, 11.959, 12.5
3986, 11.959, 11.5
545, 11.959, 12.5
870, 13.959, 13.5
249, 9.086, 8.5
4083, 11.959, 11.5
4159, 10.5, 10.5
1730, 11.959, 12.5
2659, 9.086, 9.5
659, 11.959, 12.5
2413, 13.959, 13.5
3341, 13.959, 13.5
2933, 11.959, 11.5
185, 13.959, 14.5
3798, 11.959, 11.5
62, 11.959, 11.5
3520, 11.959, 12.5
2018, 11.959, 11.5
1930, 11.959, 12.5
3795, 13.959, 13.5
1937, 10.5, 10.5
4045, 10.5, 10.5
281, 9.086, 8.5
3570, 10.5, 10.5
1226, 6.847, 7.5
1284, 10.5, 10.5
3763, 11.959, 12.5
1906, 11.959, 12.5
197, 18.288, 17.5
2370, 9.086, 9.5
3508, 10.5, 10.5
2185, 10.5, 10.5
994, 9.086, 9.5
4153, 9.086, 9.5
3046, 11.959, 12.5
441, 9.086, 9.5
2574, 9.086, 9.5
1120, 9.086, 8.5
807, 15.943, 16.5
1049, 11.959, 11.5
1032, 11.959, 12.5
2850, 11.959, 11.5
3971, 6.847, 7.5
1052, 13.959, 13.5
3252, 13.959, 13.5
2423, 11.959, 11.5
766, 13.959, 14.5
3794, 11.959, 11.5
2067, 10.5, 10.5
3310, 13.959, 14.5
629, 11.959, 11.5
2386, 15.943, 15.5
3389, 18.288, 17.5
3499, 10.5, 10.5
3650, 9.086, 9.5
439, 13.959, 14.5
2937, 11.959, 11.5
3459, 9.086, 9.5
565, 11.959, 11.5
2791, 11.959, 11.5
2392, 11.959, 11.5
1839, 11.959, 12.5
2639, 6.847, 7.5
2862, 11.959, 11.5
1896, 10.5, 10.5
1339, 9.086, 9.5
3197, 9.086, 8.5
3382, 15.943, 16.5
498, 11.959, 12.5
3605, 9.086, 9.5
551, 13.959, 14.5
145, 11.959, 11.5
2441, 11.959, 11.5
412, 11.959, 12.5
1756, 15.943, 15.5
1572, 10.5, 10.5
2272, 15.943, 16.5
1725, 10.5, 10.5
1623, 10.5, 10.5
1781, 9.086, 9.5
3701, 11.959, 11.5
2380, 6.847, 6.5
3099, 10.5, 10.5
3255, 6.847, 6.5
411, 15.943, 15.5
1269, 9.086, 9.5
654, 11.959, 11.5
892, 6.847, 7.5
591, 10.5, 10.5
2641, 9.086, 8.5
314, 22.04, 24.5
4028, 9.086, 9.5
2624, 13.959, 13.5
4026, 9.086, 8.5
4103, 11.959, 11.5
3240, 15.943, 16.5
772, 9.086, 9.5
858, 11.959, 11.5
1542, 9.086, 8.5
2483, 15.943, 15.5
809, 13.959, 13.5
3700, 11.959, 11.5
699, 18.288, 17.5
377, 11.959, 11.5
1627, 10.5, 10.5
3121, 9.086, 8.5
4146, 11.959, 11.5
805, 9.086, 8.5
2948, 9.086, 9.5
1025, 11.959, 12.5
113, 10.5, 10.5
1562, 9.086, 8.5
2591, 9.086, 9.5
3326, 13.959, 13.5
2093, 11.959, 12.5
3725, 10.5, 10.5
2666, 9.086, 9.5
3681, 11.959, 12.5
640, 9.086, 8.5
1444, 6.847, 7.5
1559, 9.086, 8.5
2166, 6.847, 7.5
1366, 10.5, 10.5
818, 6.847, 7.5
3381, 22.04, 20.5
406, 9.086, 9.5
3872, 10.5, 10.5
1258, 9.086, 9.5
1902, 11.959, 12.5
1173, 11.959, 11.5
2331, 15.943, 16.5
1277, 9.086, 9.5
4161, 11.959, 12.5
2243, 11.959, 11.5
3886, 9.086, 8.5
2475, 13.959, 13.5
4077, 10.5, 10.5
2210, 18.288, 19.5
2294, 13.959, 13.5
3765, 10.5, 10.5
2892, 11.959, 11.5
3907, 13.959, 14.5
2757, 10.5, 10.5
3239, 15.943, 16.5
3606, 9.086, 8.5
2836, 10.5, 10.5
2236, 15.943, 16.5
3839, 9.086, 9.5
3336, 11.959, 12.5
2557, 9.086, 8.5
3713, 11.959, 12.5
1180, 11.959, 12.5
2444, 10.5, 10.5
3815, 9.086, 9.5
3593, 9.086, 9.5
83, 22.04, 22.5
3311, 13.959, 13.5
3768, 10.5, 10.5
3077, 11.959, 11.5
954, 9.086, 9.5
4108, 9.086, 8.5
3585, 10.5, 10.5
1130, 10.5, 10.5
228, 11.959, 12.5
841, 10.5, 10.5
2197, 11.959, 11.5
864, 11.959, 12.5
1396, 11.959, 12.5
193, 9.086, 9.5
1859, 11.959, 11.5
2727, 9.086, 8.5
726, 11.959, 11.5
136, 9.086, 8.5
2861, 13.959, 13.5
2754, 9.086, 9.5
2213, 18.288, 18.5
956, 9.086, 8.5
658, 18.288, 19.5
133, 9.086, 8.5
3172, 11.959, 12.5
2034, 15.943, 15.5
2069, 10.5, 10.5
2901, 9.086, 9.5
1735, 11.959, 12.5
1253, 6.847, 7.5
84, 15.943, 15.5
3137, 11.959, 11.5
747, 10.5, 10.5
2163, 10.5, 10.5
2623, 11.959, 11.5
1145, 10.5, 10.5
3779, 11.959, 11.5
1169, 9.086, 9.5
373, 15.943, 15.5
161, 13.959, 14.5
1138, 10.5, 10.5
3465, 10.5, 10.5
2575, 9.086, 8.5
42, 6.847, 6.5
2876, 9.086, 8.5
2969, 11.959, 11.5
736, 13.959, 13.5
17, 11.959, 11.5
418, 18.288, 17.5
3395, 13.959, 14.5
2251, 13.959, 14.5
3619, 13.959, 13.5
1257, 9.086, 9.5
501, 22.04, 24.5
4131, 11.959, 12.5
908, 9.086, 8.5
1885, 10.5, 10.5
1196, 11.959, 12.5
2629, 6.847, 7.5
1415, 11.959, 12.5
3668, 11.959, 11.5
1639, 11.959, 11.5
2589, 9.086, 8.5
2613, 11.959, 12.5
1303, 10.5, 10.5
103, 11.959, 11.5
2190, 11.959, 12.5
374, 13.959, 14.5
3108, 9.086, 8.5
832, 10.5, 10.5
3919, 11.959, 12.5
462, 6.847, 7.5
104, 13.959, 13.5
1432, 6.847, 6.5
169, 13.959, 13.5
3066, 10.5, 10.5
3443, 9.086, 8.5
1187, 11.959, 11.5
850, 11.959, 11.5
2645, 9.086, 9.5
2246, 11.959, 11.5
874, 11.959, 12.5
2315, 18.288, 18.5
1838, 9.086, 9.5
67, 13.959, 14.5
1574, 9.086, 9.5
875, 15.943, 15.5
2976, 9.086, 9.5
1545, 9.086, 8.5
696, 6.847, 5.5
2493, 9.086, 9.5
1552, 9.086, 8.5
524, 6.847, 5.5
1388, 13.959, 13.5
634, 10.5, 10.5
3757, 11.959, 11.5
526, 6.847, 4.5
392, 11.959, 11.5
47, 9.086, 8.5
1684, 10.5, 10.5
2875, 9.086, 8.5
2158, 15.943, 15.5
1349, 11.959, 11.5
678, 22.04, 24.5
389, 10.5, 10.5
1614, 9.086, 9.5
4057, 11.959, 12.5
3452, 9.086, 9.5
2489, 15.943, 16.5
3558, 11.959, 11.5
1351, 13.959, 13.5
1638, 10.5, 10.5
3772, 10.5, 10.5
2098, 9.086, 9.5
3491, 9.086, 9.5
1000, 11.959, 12.5
1886, 10.5, 10.5
2490, 9.086, 8.5
2995, 10.5, 10.5
1643, 9.086, 9.5
2412, 9.086, 8.5
1843, 9.086, 9.5
554, 10.5, 10.5
1849, 9.086, 8.5
1088, 6.847, 7.5
1883, 9.086, 9.5
4129, 11.959, 11.5
3790, 11.959, 11.5
3469, 11.959, 11.5
2632, 9.086, 9.5
672, 22.04, 20.5
702, 10.5, 10.5
3978, 9.086, 9.5
2665, 9.086, 9.5
2860, 11.959, 11.5
2150, 11.959, 11.5
1550, 9.086, 9.5
2390, 18.288, 17.5
1022, 11.959, 12.5
910, 6.847, 6.5
2485, 9.086, 9.5
4111, 9.086, 9.5
2962, 10.5, 10.5
2132, 11.959, 11.5
465, 6.847, 6.5
1448, 10.5, 10.5
2857, 11.959, 12.5
4002, 9.086, 9.5
583, 13.959, 14.5
3290, 13.959, 13.5
1561, 9.086, 9.5
141, 11.959, 11.5
964, 9.086, 9.5
1404, 11.959, 11.5
4088, 10.5, 10.5
2817, 9.086, 8.5
3964, 6.847, 6.5
4081, 11.959, 12.5
3573, 11.959, 11.5
2502, 6.847, 6.5
2585, 9.086, 9.5
115, 11.959, 12.5
517, 6.847, 6.5
179, 11.959, 12.5
2776, 11.959, 11.5
2066, 11.959, 11.5
380, 15.943, 16.5
1961, 11.959, 12.5
2908, 10.5, 10.5
1205, 11.959, 12.5
2394, 15.943, 15.5
1243, 9.086, 9.5
1090, 6.847, 7.5
2750, 9.086, 9.5
665, 11.959, 11.5
2820, 6.847, 7.5
369, 18.288, 18.5
32, 18.288, 19.5
165, 15.943, 15.5
2804, 10.5, 10.5
2095, 9.086, 8.5
1278, 9.086, 9.5
209, 9.086, 8.5
3548, 9.086, 8.5
1206, 11.959, 12.5
2477, 13.959, 14.5
1763, 13.959, 13.5
2620, 11.959, 11.5
22, 13.959, 13.5
1429, 6.847, 4.5
220, 10.5, 10.5
38, 11.959, 12.5
3340, 18.288, 18.5
4087, 11.959, 11.5
2680, 11.959, 11.5
3965, 6.847, 7.5
3277, 15.943, 16.5
331, 9.086, 9.5
2454, 6.847, 6.5
2764, 10.5, 10.5
3358, 6.847, 6.5
4058, 11.959, 11.5
302, 9.086, 9.5
224, 11.959, 11.5
1591, 9.086, 9.5
596, 10.5, 10.5
233, 9.086, 8.5
3623, 11.959, 11.5
2439, 10.5, 10.5
1275, 10.5, 10.5
2692, 10.5, 10.5
3673, 11.959, 11.5
4156, 9.086, 9.5
3413, 10.5, 10.5
266, 15.943, 15.5
3215, 11.959, 12.5
879, 9.086, 9.5
2947, 11.959, 11.5
1241, 9.086, 9.5
556, 15.943, 15.5
2486, 13.959, 14.5
2564, 6.847, 7.5
422, 13.959, 14.5
2828, 10.5, 10.5
2917, 11.959, 11.5
1624, 10.5, 10.5
2982, 10.5, 10.5
611, 6.847, 5.5
899, 6.847, 6.5
4166, 11.959, 11.5
2312, 9.086, 9.5
813, 6.847, 6.5
1179, 11.959, 12.5
2338, 18.288, 18.5
1582, 10.5, 10.5
681, 11.959, 11.5
425, 13.959, 14.5
2250, 11.959, 12.5
2927, 13.959, 13.5
3664, 10.5, 10.5
236, 6.847, 2.5
3262, 15.943, 15.5
1694, 10.5, 10.5
3836, 10.5, 10.5
2420, 13.959, 14.5
1400, 11.959, 12.5
2840, 10.5, 10.5
1618, 11.959, 12.5
721, 13.959, 14.5
1274, 9.086, 9.5
2241, 11.959, 12.5
3552, 9.086, 9.5
1923, 11.959, 11.5
3436, 6.847, 7.5
238, 6.847, 4.5
1332, 11.959, 11.5
2587, 10.5, 10.5
2129, 13.959, 13.5
3242, 15.943, 16.5
1917, 11.959, 11.5
408, 11.959, 12.5
948, 6.847, 7.5
2790, 11.959, 11.5
1578, 9.086, 9.5
2973, 13.959, 13.5
1899, 10.5, 10.5
2989, 10.5, 10.5
1310, 9.086, 9.5
2904, 10.5, 10.5
3969, 6.847, 7.5
3750, 9.086, 9.5
632, 11.959, 11.5
2094, 9.086, 8.5
3514, 11.959, 11.5
3014, 6.847, 7.5
1846, 9.086, 8.5
1788, 11.959, 11.5
663, 13.959, 13.5
24, 11.959, 11.5
3789, 11.959, 11.5
1932, 11.959, 12.5
2685, 11.959, 11.5
3538, 9.086, 8.5
4041, 11.959, 11.5
1737, 11.959, 11.5
321, 6.847, 5.5
753, 13.959, 14.5
3731, 10.5, 10.5
2144, 10.5, 10.5
3338, 18.288, 17.5
2701, 13.959, 14.5
1616, 10.5, 10.5
3554, 9.086, 9.5
3018, 10.5, 10.5
1174, 10.5, 10.5
1487, 9.086, 9.5
2566, 9.086, 8.5
1469, 9.086, 9.5
1481, 10.5, 10.5
771, 9.086, 9.5
844, 9.086, 9.5
4017, 11.959, 12.5
3444, 10.5, 10.5
2352, 18.288, 19.5
2744, 11.959, 12.5
776, 15.943, 16.5
4148, 11.959, 12.5
2391, 11.959, 11.5
207, 9.086, 9.5
3530, 9.086, 8.5
2902, 10.5, 10.5
494, 18.288, 18.5
3837, 6.847, 5.5
1977, 13.959, 14.5
2986, 13.959, 14.5
2204, 9.086, 8.5
2536, 13.959, 13.5
602, 13.959, 14.5
2012, 9.086, 8.5
1155, 9.086, 9.5
1042, 13.959, 13.5
2074, 11.959, 12.5
1744, 11.959, 12.5
3167, 15.943, 16.5
2160, 22.04, 20.5
1910, 11.959, 11.5
3870, 15.943, 16.5
878, 10.5, 10.5
3583, 10.5, 10.5
3324, 13.959, 13.5
3934, 6.847, 6.5
2328, 15.943, 16.5
1662, 10.5, 10.5
315, 9.086, 9.5
324, 9.086, 8.5
122, 15.943, 15.5
3286, 15.943, 15.5
2987, 11.959, 11.5
3421, 11.959, 12.5
700, 13.959, 13.5
3898, 11.959, 11.5
831, 6.847, 7.5
2946, 11.959, 12.5
1124, 9.086, 9.5
4046, 11.959, 12.5
1244, 9.086, 8.5
3169, 11.959, 11.5
1026, 9.086, 9.5
2321, 15.943, 15.5
1517, 11.959, 11.5
4098, 10.5, 10.5
3850, 9.086, 8.5
3994, 6.847, 5.5
189, 10.5, 10.5
3447, 9.086, 9.5
3160, 9.086, 8.5
4065, 6.847, 7.5
2108, 22.04, 28.5
1745, 13.959, 13.5
3884, 10.5, 10.5
996, 11.959, 12.5
3087, 9.086, 8.5
620, 11.959, 11.5
3999, 6.847, 7.5
1473, 9.086, 9.5
2438, 18.288, 17.5
691, 6.847, 6.5
808, 11.959, 11.5
2534, 13.959, 13.5
1200, 11.959, 11.5
2684, 10.5, 10.5
3819, 9.086, 9.5
3967, 6.847, 7.5
2925, 11.959, 11.5
3766, 11.959, 11.5
3329, 11.959, 11.5
4034, 9.086, 8.5
3183, 11.959, 12.5
3910, 13.959, 14.5
2408, 15.943, 16.5
1607, 9.086, 9.5
3782, 11.959, 12.5
311, 15.943, 15.5
1009, 9.086, 9.5
2520, 10.5, 10.5
2519, 9.086, 8.5
3092, 11.959, 12.5
790, 11.959, 11.5
1270, 9.086, 9.5
1724, 11.959, 12.5
3285, 13.959, 14.5
1438, 9.086, 8.5
381, 11.959, 11.5
782, 11.959, 11.5
2037, 6.847, 6.5
3190, 6.847, 6.5
3740, 11.959, 12.5
2760, 11.959, 11.5
1020, 11.959, 11.5
2879, 9.086, 9.5
3399, 9.086, 9.5
3866, 11.959, 11.5
3888, 13.959, 13.5
2693, 10.5, 10.5
1714, 11.959, 11.5
513, 6.847, 7.5
1092, 9.086, 8.5
940, 9.086, 8.5
3680, 10.5, 10.5
3450, 9.086, 8.5
318, 18.288, 19.5
1661, 11.959, 11.5
201, 13.959, 14.5
1015, 10.5, 10.5
741, 9.086, 9.5
738, 15.943, 15.5
2651, 9.086, 9.5
1972, 13.959, 13.5
45, 9.086, 8.5
1577, 9.086, 9.5
1031, 10.5, 10.5
2335, 22.04, 24.5
1027, 9.086, 9.5
3879, 15.943, 16.5
1369, 11.959, 11.5
2196, 11.959, 12.5
2268, 13.959, 14.5
3143, 6.847, 5.5
4079, 9.086, 9.5
3777, 10.5, 10.5
3159, 6.847, 7.5
1363, 11.959, 11.5
668, 13.959, 14.5
3204, 15.943, 16.5
986, 9.086, 9.5
527, 15.943, 15.5
3813, 9.086, 9.5
1625, 11.959, 11.5
1176, 11.959, 11.5
1287, 9.086, 9.5
2102, 10.5, 10.5
150, 15.943, 16.5
3956, 13.959, 13.5
1755, 9.086, 8.5
1813, 10.5, 10.5
2877, 10.5, 10.5
2891, 9.086, 9.5
3025, 9.086, 8.5
1290, 9.086, 8.5
85, 13.959, 13.5
2558, 6.847, 7.5
287, 18.288, 18.5
3685, 11.959, 11.5
3056, 11.959, 12.5
1900, 10.5, 10.5
662, 11.959, 11.5
597, 13.959, 14.5
268, 10.5, 10.5
1503, 11.959, 11.5
3170, 15.943, 15.5
2183, 6.847, 7.5
1033, 11.959, 11.5
1147, 10.5, 10.5
1486, 10.5, 10.5
1245, 6.847, 6.5
2474, 15.943, 15.5
1554, 9.086, 9.5
1651, 9.086, 9.5
1237, 6.847, 7.5
1055, 6.847, 5.5
3626, 11.959, 11.5
2122, 11.959, 12.5
574, 11.959, 11.5
213, 10.5, 10.5
4169, 11.959, 11.5
1459, 6.847, 7.5
3415, 10.5, 10.5
1387, 11.959, 11.5
1529, 11.959, 11.5
4060, 9.086, 9.5
3874, 13.959, 13.5
3335, 13.959, 13.5
1938, 11.959, 11.5
1890, 11.959, 12.5
2615, 13.959, 13.5
2865, 6.847, 5.5
2142, 10.5, 10.5
3391, 13.959, 14.5
539, 11.959, 11.5
2942, 10.5, 10.5
1973, 11.959, 11.5
3659, 10.5, 10.5
866, 10.5, 10.5
1427, 15.943, 15.5
182, 11.959, 11.5
97, 9.086, 9.5
3511, 11.959, 12.5
3010, 6.847, 7.5
3259, 18.288, 19.5
1892, 10.5, 10.5
2258, 9.086, 9.5
458, 11.959, 11.5
543, 9.086, 9.5
1367, 11.959, 11.5
1564, 9.086, 8.5
1834, 9.086, 8.5
3033, 9.086, 9.5
3927, 13.959, 13.5
114, 11.959, 12.5
3062, 11.959, 12.5
2436, 22.04, 24.5
4136, 10.5, 10.5
2178, 15.943, 16.5
1569, 9.086, 9.5
3321, 11.959, 12.5
683, 18.288, 17.5
3594, 13.959, 13.5
3781, 11.959, 11.5
2675, 11.959, 11.5
510, 11.959, 11.5
4050, 10.5, 10.5
3983, 6.847, 7.5
1228, 6.847, 5.5
2798, 11.959, 11.5
