test_instance, logistic_regresion_pred, ground truth
3673, 9, 9
2168, 5, 5
1357, 10, 10
299, 8, 8
1953, 8, 8
925, 6, 6
4018, 7, 7
4166, 9, 9
3112, 6, 6
3604, 7, 7
145, 9, 9
3651, 9, 9
3314, 10, 10
1295, 8, 8
2949, 10, 10
1639, 9, 9
3990, 9, 9
3531, 6, 6
1965, 10, 10
4082, 8, 8
1320, 8, 8
689, 10, 10
166, 17, 19
3182, 9, 9
342, 11, 11
1988, 4, 4
2746, 7, 7
189, 8, 8
324, 6, 6
2726, 6, 6
2899, 7, 7
1025, 10, 10
3688, 10, 10
3650, 7, 7
2820, 5, 5
3164, 12, 12
3498, 9, 9
1309, 9, 9
1981, 11, 11
3668, 9, 9
3849, 5, 5
158, 12, 12
319, 5, 5
4033, 9, 9
1257, 7, 7
4175, 9, 9
3793, 12, 13
1920, 8, 8
2635, 6, 6
2334, 19, 22
3817, 7, 7
1728, 12, 13
585, 10, 10
3499, 8, 8
3541, 7, 7
1364, 11, 11
2622, 12, 12
918, 6, 6
162, 11, 11
2051, 7, 7
3602, 5, 4
1751, 9, 9
3101, 10, 10
2500, 11, 11
1645, 9, 9
3227, 12, 12
704, 8, 8
141, 9, 9
1236, 5, 5
1215, 5, 4
2705, 12, 12
3585, 8, 8
1850, 7, 7
445, 8, 8
2697, 9, 9
1447, 7, 7
2881, 7, 7
54, 6, 6
3029, 10, 10
1187, 9, 9
2402, 14, 15
2399, 14, 16
3852, 11, 11
964, 7, 7
1415, 10, 10
2690, 8, 8
3535, 8, 8
3093, 10, 10
2644, 7, 7
3004, 10, 10
2403, 9, 9
837, 8, 8
419, 12, 12
1931, 8, 8
383, 11, 11
3444, 8, 8
832, 8, 8
2598, 8, 8
2883, 7, 7
1881, 5, 5
2369, 11, 11
2857, 10, 10
3381, 18, 18
979, 7, 7
8, 8, 8
2754, 7, 7
2219, 12, 12
2482, 11, 11
536, 10, 10
1740, 9, 9
246, 12, 12
1449, 5, 5
2620, 9, 9
4110, 8, 8
3330, 9, 9
252, 11, 11
3244, 16, 18
3756, 8, 8
3297, 15, 16
3218, 13, 13
3300, 14, 15
2683, 10, 10
784, 4, 4
788, 8, 8
3470, 10, 10
2997, 8, 8
4088, 8, 8
1557, 7, 7
2943, 9, 9
1495, 7, 7
143, 10, 10
2947, 9, 9
3350, 10, 10
2296, 12, 12
1129, 7, 7
3411, 6, 6
2047, 5, 5
1667, 10, 10
3940, 10, 10
790, 9, 9
2574, 7, 7
2509, 5, 5
1758, 10, 10
4068, 6, 6
708, 9, 9
731, 12, 12
1623, 8, 8
900, 4, 3
680, 6, 6
1513, 7, 7
3671, 9, 9
33, 16, 18
2310, 12, 12
3824, 6, 6
1666, 8, 8
502, 13, 14
1999, 5, 5
3822, 8, 8
682, 6, 6
2617, 8, 8
3919, 10, 10
1869, 8, 8
421, 10, 10
3311, 11, 11
1163, 8, 8
1851, 8, 8
88, 8, 8
210, 9, 9
353, 8, 8
2002, 6, 6
2702, 10, 10
2087, 10, 10
1348, 8, 8
3236, 7, 7
2176, 19, 19
3509, 9, 9
2079, 8, 8
2898, 7, 7
490, 12, 13
4000, 6, 6
3364, 10, 10
2063, 7, 7
1268, 10, 10
58, 4, 3
19, 8, 8
359, 14, 15
2103, 8, 8
1346, 7, 7
3864, 5, 4
701, 13, 13
1703, 9, 9
951, 7, 7
676, 11, 11
296, 5, 5
2236, 13, 14
3345, 11, 11
1987, 4, 3
3572, 8, 8
215, 9, 9
1519, 9, 9
3492, 7, 7
1164, 9, 9
650, 5, 4
1138, 8, 8
3421, 10, 10
3449, 6, 6
2349, 8, 8
2966, 9, 9
3942, 10, 10
770, 10, 10
3461, 10, 10
441, 7, 7
588, 12, 13
3553, 8, 8
2546, 4, 3
2525, 8, 8
3614, 10, 10
2273, 12, 12
2469, 12, 12
1117, 7, 7
2339, 15, 16
3266, 10, 10
1077, 6, 6
2005, 6, 6
1167, 7, 7
2755, 9, 9
209, 6, 6
989, 8, 8
310, 19, 20
3315, 8, 8
2793, 11, 11
1399, 10, 10
1039, 5, 5
3561, 8, 8
2745, 7, 7
1507, 9, 9
2, 8, 8
2000, 8, 8
2362, 16, 17
382, 9, 9
4156, 7, 7
3930, 19, 20
2336, 16, 17
1739, 12, 12
1148, 7, 7
2019, 8, 8
3645, 8, 8
2048, 8, 8
1404, 9, 9
1273, 7, 7
1858, 9, 9
1809, 7, 7
3302, 13, 14
686, 12, 12
224, 9, 9
885, 9, 9
334, 16, 15
740, 12, 13
1525, 10, 10
1559, 6, 6
3660, 9, 9
2985, 7, 7
3647, 7, 7
202, 11, 11
3116, 9, 9
3068, 11, 11
2429, 8, 8
3963, 4, 3
4063, 10, 10
281, 6, 6
259, 12, 12
1878, 9, 9
3648, 8, 8
3842, 8, 8
1195, 8, 8
70, 12, 12
4118, 8, 8
525, 3, 3
1325, 7, 7
2514, 7, 7
3047, 8, 8
2696, 8, 8
3176, 11, 11
1553, 6, 6
4009, 7, 7
2623, 9, 9
147, 8, 8
936, 6, 6
3933, 5, 5
2194, 12, 12
656, 16, 16
323, 5, 4
1831, 5, 5
2351, 18, 18
426, 16, 17
2698, 8, 8
3009, 4, 3
678, 22, 22
1827, 5, 5
3556, 8, 8
1092, 6, 6
1055, 4, 3
137, 8, 8
3829, 11, 11
4176, 11, 11
3566, 8, 8
2447, 5, 5
3425, 9, 9
1569, 7, 7
4045, 8, 8
1093, 6, 6
251, 12, 12
3578, 9, 9
1254, 6, 6
1397, 9, 9
1650, 10, 10
3838, 7, 7
2776, 9, 9
2217, 12, 12
1455, 7, 7
2781, 9, 9
2156, 11, 11
2121, 8, 8
683, 14, 15
4100, 8, 8
941, 6, 6
1947, 11, 11
3685, 9, 9
2361, 11, 11
1003, 8, 8
2990, 8, 8
3486, 7, 7
262, 10, 10
1841, 6, 6
3641, 8, 8
977, 7, 7
108, 8, 8
1968, 11, 11
524, 3, 3
761, 14, 15
3678, 9, 9
1252, 6, 6
1464, 8, 8
4016, 8, 8
1033, 9, 9
1919, 9, 9
3637, 5, 5
3471, 8, 8
4015, 9, 9
277, 16, 17
623, 14, 16
3233, 11, 11
2521, 8, 8
1866, 9, 9
347, 5, 5
51, 6, 6
130, 15, 16
3672, 9, 9
688, 10, 10
3135, 8, 8
111, 8, 8
1875, 8, 8
1528, 11, 12
2502, 5, 4
2981, 7, 7
622, 11, 11
2353, 16, 16
1724, 10, 10
2713, 4, 3
2868, 6, 6
46, 8, 8
3117, 7, 7
3342, 12, 13
3320, 14, 15
1502, 10, 10
707, 9, 9
1950, 9, 9
3727, 6, 6
329, 7, 7
1398, 10, 10
3547, 8, 8
3003, 9, 9
3698, 9, 9
3001, 10, 10
1765, 5, 5
284, 12, 13
2490, 6, 6
4162, 7, 7
3254, 6, 6
1430, 4, 3
468, 16, 16
3097, 10, 10
2671, 7, 7
1262, 7, 7
547, 6, 6
2650, 7, 7
4020, 10, 10
3802, 5, 5
1654, 7, 7
3900, 14, 14
3953, 7, 7
2813, 4, 3
1336, 9, 9
3064, 8, 8
3276, 11, 11
2466, 8, 8
307, 12, 12
1311, 10, 10
3247, 13, 14
2386, 13, 13
2851, 11, 11
2765, 10, 10
4153, 7, 7
2486, 12, 12
713, 7, 7
287, 15, 16
3886, 6, 6
3186, 5, 5
1396, 10, 10
1778, 7, 7
2511, 5, 5
4049, 8, 8
3271, 15, 16
1912, 9, 9
1453, 5, 5
3318, 3, 3
1417, 9, 9
1497, 9, 9
134, 6, 6
2837, 7, 7
182, 9, 9
3156, 9, 9
2824, 6, 6
1742, 10, 10
625, 11, 11
1031, 8, 8
2460, 12, 13
735, 9, 9
3546, 6, 6
3303, 11, 11
4106, 10, 10
839, 8, 8
2665, 7, 7
1810, 8, 8
1927, 8, 8
1532, 5, 4
36, 14, 15
3868, 7, 7
2522, 10, 10
710, 6, 6
282, 8, 8
1897, 12, 12
2564, 5, 5
3987, 10, 10
3357, 7, 7
1089, 6, 6
538, 5, 4
852, 9, 9
3099, 8, 8
4054, 9, 9
3885, 6, 6
443, 9, 9
2185, 8, 8
1121, 8, 8
1500, 9, 9
1389, 9, 9
3830, 12, 13
1914, 9, 9
442, 18, 18
1456, 6, 6
1130, 8, 8
1076, 6, 6
3881, 9, 9
2467, 14, 15
207, 7, 7
1484, 8, 8
1958, 9, 9
1426, 8, 8
3896, 12, 13
1942, 8, 8
1418, 10, 10
1321, 8, 8
200, 8, 8
2714, 5, 4
902, 5, 4
401, 8, 8
1485, 7, 7
3554, 7, 7
2027, 8, 8
4037, 9, 9
1157, 8, 8
3250, 8, 8
755, 12, 12
1338, 9, 9
3855, 7, 7
3601, 7, 7
1285, 6, 6
3207, 14, 14
1465, 7, 7
32, 16, 17
1342, 9, 9
1599, 10, 10
2285, 8, 8
1010, 10, 10
394, 5, 5
1994, 5, 5
840, 7, 7
655, 6, 6
4014, 9, 9
3772, 8, 8
2325, 9, 9
695, 6, 6
86, 12, 12
458, 9, 9
454, 13, 13
1337, 9, 9
681, 9, 9
4167, 8, 8
428, 19, 20
2344, 19, 20
2552, 5, 5
2415, 9, 9
2390, 14, 15
26, 10, 10
52, 9, 9
3185, 10, 10
3200, 9, 9
354, 14, 15
2790, 9, 9
3333, 11, 11
79, 13, 13
1067, 5, 4
1932, 10, 10
2104, 10, 10
772, 7, 7
4146, 9, 9
3823, 8, 8
364, 11, 11
3338, 14, 15
2893, 7, 7
3295, 12, 13
3319, 17, 18
3118, 7, 7
3388, 12, 12
2801, 9, 9
3878, 9, 9
2109, 12, 12
3349, 9, 9
3545, 7, 7
856, 8, 8
1938, 9, 9
703, 11, 11
3070, 8, 8
3374, 9, 9
3819, 7, 7
3213, 12, 12
3959, 10, 10
2933, 9, 9
1246, 6, 6
2363, 15, 17
2570, 6, 6
2967, 10, 10
3850, 6, 6
1974, 9, 9
2189, 9, 9
2934, 8, 8
3762, 7, 7
1431, 6, 6
2443, 10, 10
1681, 10, 10
1351, 11, 11
1695, 7, 7
3796, 10, 10
300, 8, 8
11, 9, 9
3816, 7, 7
830, 5, 5
3705, 8, 8
3013, 7, 7
357, 16, 17
2342, 5, 5
4144, 10, 10
172, 7, 7
2340, 10, 10
575, 10, 10
1720, 8, 8
848, 7, 7
3825, 10, 10
1669, 9, 9
1218, 5, 4
1030, 9, 9
1281, 8, 8
982, 8, 8
1686, 11, 11
1463, 8, 8
3935, 10, 10
2132, 9, 9
841, 8, 8
1090, 5, 5
3734, 9, 9
23, 8, 8
3340, 14, 16
175, 6, 6
2496, 14, 14
1627, 8, 8
3583, 8, 8
1564, 6, 6
3361, 8, 8
2315, 15, 16
4070, 6, 6
4004, 9, 9
320, 5, 4
2668, 7, 7
3746, 6, 6
2475, 11, 11
2473, 13, 13
2978, 7, 7
2272, 14, 14
991, 6, 6
3689, 8, 8
1372, 11, 11
1395, 9, 9
3173, 5, 5
2394, 12, 13
3484, 7, 7
1491, 8, 8
3216, 14, 15
1305, 9, 9
368, 11, 11
3735, 8, 8
2555, 5, 5
3165, 8, 8
1980, 9, 9
528, 11, 11
1807, 10, 10
2021, 8, 8
2860, 9, 9
3255, 5, 4
3667, 10, 10
76, 8, 8
1775, 7, 7
2154, 9, 9
3017, 7, 7
406, 7, 7
1097, 7, 7
1105, 5, 5
3436, 5, 5
3061, 9, 9
1256, 6, 6
1494, 9, 9
3229, 11, 11
154, 11, 11
1162, 8, 8
360, 17, 17
293, 17, 18
1443, 8, 8
1903, 9, 9
3921, 9, 9
1696, 10, 10
2440, 12, 12
2806, 8, 8
1149, 8, 8
3996, 5, 5
2312, 7, 7
508, 10, 10
1324, 10, 10
3888, 11, 11
635, 7, 7
3540, 7, 7
180, 12, 13
1194, 8, 8
753, 12, 12
318, 16, 17
3287, 11, 11
1833, 5, 5
2149, 6, 6
3730, 8, 8
1065, 5, 5
738, 12, 13
1959, 12, 12
457, 8, 8
2116, 5, 5
2350, 11, 11
1579, 7, 7
726, 9, 9
2701, 11, 12
4067, 5, 5
2848, 8, 8
1983, 10, 10
1921, 9, 9
3707, 10, 10
3198, 10, 10
838, 7, 7
3159, 5, 5
2266, 13, 13
485, 12, 12
2684, 8, 8
898, 4, 3
2357, 15, 16
3889, 11, 11
778, 14, 14
3627, 9, 9
1188, 8, 8
602, 12, 12
3831, 9, 9
3696, 12, 12
3712, 9, 9
3989, 10, 10
1375, 9, 9
3908, 8, 8
3150, 9, 9
2470, 10, 10
1184, 8, 8
4141, 10, 10
1733, 8, 8
1048, 10, 10
2519, 6, 6
2145, 8, 8
2984, 9, 9
2060, 8, 8
4022, 10, 10
1879, 8, 8
2308, 10, 10
2550, 5, 4
1880, 9, 9
1842, 6, 6
222, 8, 8
278, 19, 19
3072, 9, 9
3078, 10, 10
3517, 10, 10
2866, 5, 4
127, 7, 7
1413, 12, 12
2439, 8, 8
4078, 9, 9
3771, 9, 9
912, 6, 6
56, 7, 7
2471, 18, 19
809, 11, 11
2931, 8, 8
55, 7, 7
2077, 7, 7
3292, 10, 10
3574, 8, 8
1861, 7, 7
2672, 7, 7
997, 7, 7
3616, 12, 13
4117, 8, 8
874, 10, 10
1648, 9, 9
3706, 10, 10
2994, 8, 8
286, 9, 9
2908, 8, 8
4120, 6, 6
3757, 9, 9
413, 11, 11
3069, 10, 10
3619, 11, 11
3739, 8, 8
3733, 9, 9
630, 8, 8
12, 10, 10
3290, 11, 11
261, 11, 11
2611, 7, 7
2977, 5, 5
1516, 9, 9
279, 10, 10
3177, 14, 14
2127, 6, 6
1008, 9, 9
3828, 10, 10
1732, 11, 11
37, 7, 7
179, 10, 10
739, 9, 9
268, 8, 8
534, 9, 9
1792, 8, 8
1232, 6, 6
96, 8, 8
1789, 8, 8
78, 10, 10
3731, 8, 8
3551, 8, 8
1081, 5, 5
2461, 12, 12
306, 3, 2
2368, 16, 15
1506, 8, 8
578, 10, 10
2108, 19, 26
1946, 11, 11
31, 13, 14
2118, 7, 7
418, 14, 15
2234, 13, 13
566, 11, 11
1975, 10, 10
3006, 10, 10
2138, 14, 15
3025, 6, 6
2221, 15, 16
3046, 10, 10
2664, 8, 8
1909, 8, 8
3259, 16, 17
1416, 11, 11
872, 8, 8
429, 16, 17
1543, 6, 6
123, 5, 5
288, 8, 8
101, 14, 14
337, 14, 15
986, 7, 7
43, 4, 4
3847, 8, 8
1468, 7, 7
3339, 11, 11
1054, 3, 2
4161, 10, 10
393, 8, 8
2094, 6, 6
1924, 7, 7
3154, 6, 6
1578, 7, 7
1697, 9, 9
1801, 9, 9
150, 14, 14
1106, 8, 8
1084, 6, 6
1636, 9, 9
1032, 10, 10
2953, 10, 10
744, 18, 19
3387, 15, 17
205, 8, 8
1670, 11, 11
2405, 14, 14
1006, 10, 10
2495, 11, 11
3041, 8, 8
2619, 7, 7
1847, 7, 7
3043, 9, 9
3559, 9, 9
2289, 9, 9
3895, 12, 12
326, 6, 6
3142, 4, 4
892, 5, 5
4031, 7, 7
2773, 10, 10
3615, 8, 8
747, 8, 8
3860, 12, 13
1471, 7, 7
3606, 6, 6
4086, 7, 7
1231, 6, 6
4017, 10, 10
90, 14, 14
2595, 10, 10
361, 11, 11
3837, 4, 3
1910, 9, 9
802, 8, 8
358, 16, 16
890, 10, 10
467, 12, 12
612, 8, 8
1940, 10, 10
3575, 7, 7
2874, 7, 7
3981, 7, 7
2778, 7, 7
2366, 17, 18
1480, 8, 8
109, 8, 8
3203, 16, 16
1293, 9, 9
1518, 10, 10
1609, 7, 7
2740, 7, 7
3870, 14, 14
303, 5, 5
2260, 9, 9
1531, 4, 4
3805, 8, 8
2856, 10, 10
1618, 10, 10
3485, 6, 6
1382, 8, 8
1892, 8, 8
905, 5, 4
3389, 14, 15
1378, 9, 9
2457, 4, 4
3690, 12, 12
855, 8, 8
3384, 6, 6
304, 9, 9
3157, 8, 8
3957, 9, 9
2225, 12, 12
2268, 12, 12
1523, 11, 11
1674, 8, 8
1596, 6, 6
290, 15, 16
1752, 10, 10
2965, 8, 8
1984, 10, 10
2645, 7, 7
4008, 11, 11
1284, 8, 8
2450, 9, 9
851, 8, 8
144, 9, 9
1385, 10, 10
654, 9, 9
3308, 5, 4
3262, 13, 13
2728, 7, 7
488, 10, 10
3031, 7, 7
2199, 19, 20
1962, 9, 9
2730, 5, 5
858, 9, 9
2831, 6, 6
1522, 10, 10
1760, 10, 10
1700, 11, 11
3719, 6, 6
3021, 8, 8
3991, 8, 8
2936, 10, 10
2723, 6, 6
2770, 9, 9
2162, 10, 10
1239, 6, 6
2923, 12, 12
2584, 8, 8
3133, 8, 8
409, 7, 7
1925, 10, 10
3716, 5, 4
3076, 10, 10
2815, 6, 6
191, 11, 11
1710, 9, 9
385, 8, 8
2517, 6, 6
235, 8, 8
2894, 10, 10
1009, 7, 7
745, 16, 16
159, 12, 12
4071, 7, 7
1329, 7, 7
3856, 8, 8
1791, 9, 9
4130, 9, 9
1756, 12, 13
2805, 10, 10
2811, 8, 8
3582, 9, 9
39, 8, 8
2136, 8, 8
1563, 9, 9
1864, 8, 8
2999, 10, 10
327, 11, 11
544, 9, 9
2987, 9, 9
2483, 13, 13
3482, 6, 6
27, 11, 11
3744, 5, 4
4143, 11, 12
2414, 8, 8
3899, 4, 3
1849, 6, 6
1874, 8, 8
314, 19, 22
1934, 8, 8
3914, 18, 18
1233, 5, 5
384, 9, 9
2224, 8, 8
1083, 6, 6
1175, 9, 9
1736, 12, 12
2101, 18, 18
643, 6, 6
4080, 7, 7
2158, 12, 13
2989, 8, 8
2017, 11, 11
2238, 7, 7
4133, 10, 10
1080, 6, 6
1524, 10, 10
3337, 13, 14
1829, 5, 5
380, 14, 14
1750, 11, 11
2624, 10, 11
178, 4, 3
3282, 12, 12
2802, 8, 8
814, 6, 6
83, 19, 20
2117, 6, 6
369, 16, 16
2406, 9, 9
1915, 10, 10
2292, 8, 8
532, 11, 11
2527, 9, 9
537, 6, 6
3501, 11, 11
3371, 9, 9
4064, 8, 8
3925, 7, 7
604, 11, 11
2307, 14, 15
3322, 14, 14
2884, 8, 8
820, 6, 6
1753, 9, 9
3391, 12, 12
208, 12, 12
877, 9, 9
2855, 10, 10
2141, 6, 6
2675, 9, 9
1952, 9, 9
3812, 11, 11
3839, 7, 7
1598, 8, 8
549, 10, 10
3108, 6, 6
3212, 13, 13
805, 6, 6
2782, 7, 7
2930, 10, 10
3798, 9, 9
2229, 6, 6
3465, 8, 8
2975, 5, 5
863, 9, 9
3393, 9, 9
1784, 7, 7
2797, 10, 10
2218, 12, 13
3115, 5, 5
3961, 9, 9
153, 9, 9
3844, 12, 13
2742, 7, 7
3789, 9, 9
3613, 10, 10
1574, 7, 7
1298, 9, 9
3586, 10, 10
1735, 10, 10
3130, 10, 10
907, 5, 5
2226, 6, 6
3332, 12, 12
3363, 9, 9
3910, 12, 12
897, 5, 5
3336, 10, 10
211, 6, 6
2105, 9, 9
1255, 6, 6
333, 4, 4
1583, 6, 6
4073, 8, 8
1496, 8, 8
3732, 9, 9
477, 15, 16
2251, 12, 12
862, 10, 10
2072, 7, 7
1019, 10, 10
4155, 5, 5
4043, 7, 7
2506, 6, 6
4050, 8, 8
3007, 12, 13
1626, 7, 7
430, 16, 17
3274, 16, 17
2498, 14, 14
2505, 5, 5
3593, 7, 7
2803, 11, 11
3742, 11, 12
675, 22, 21
1073, 6, 6
1767, 6, 6
1044, 7, 7
1973, 9, 9
3190, 4, 4
1213, 5, 4
1214, 5, 5
1490, 8, 8
2316, 12, 12
2237, 15, 16
2759, 7, 7
3854, 10, 10
1317, 9, 9
1704, 9, 9
601, 9, 9
2969, 9, 9
1424, 10, 10
1259, 6, 6
2544, 9, 9
3695, 9, 9
2909, 8, 8
3183, 10, 10
886, 11, 11
2135, 11, 11
1212, 4, 4
3781, 9, 9
3002, 9, 9
822, 6, 6
214, 13, 13
4150, 6, 6
2911, 10, 10
2066, 9, 9
2976, 7, 7
4012, 7, 7
308, 12, 13
836, 7, 7
1027, 7, 7
1045, 9, 9
3505, 9, 9
1868, 7, 7
608, 9, 9
2464, 10, 10
332, 5, 4
2231, 8, 8
390, 9, 9
1690, 8, 8
28, 14, 14
1744, 10, 10
316, 13, 13
4032, 7, 7
1419, 11, 11
2318, 11, 11
507, 14, 14
2890, 7, 7
3234, 12, 12
2058, 7, 7
3491, 7, 7
1779, 8, 8
3729, 8, 8
2559, 6, 6
2043, 6, 6
1475, 7, 7
813, 5, 4
2594, 8, 8
3995, 4, 4
615, 12, 12
949, 5, 5
1223, 5, 5
3544, 8, 8
1800, 8, 8
1004, 8, 8
3664, 8, 8
2762, 8, 8
3670, 7, 7
2891, 7, 7
3082, 10, 10
3175, 10, 10
1689, 9, 9
244, 7, 7
275, 19, 21
1, 6, 6
3401, 15, 17
312, 17, 18
597, 12, 12
415, 13, 14
1978, 11, 11
4093, 10, 10
2591, 7, 7
148, 4, 4
2988, 8, 8
2216, 6, 6
1582, 8, 8
2267, 13, 14
3089, 7, 7
2397, 16, 16
1111, 7, 7
3680, 8, 8
451, 14, 15
754, 19, 19
3718, 6, 6
3163, 8, 8
3931, 15, 16
3180, 6, 6
777, 12, 12
937, 6, 6
3181, 10, 10
3145, 12, 12
2970, 12, 12
1191, 9, 9
3032, 8, 8
321, 4, 3
2380, 4, 4
522, 8, 8
115, 10, 10
4030, 6, 6
1726, 11, 11
3423, 10, 10
1865, 6, 6
1749, 10, 10
379, 11, 11
1790, 9, 9
2358, 19, 19
4034, 6, 6
2232, 8, 8
1435, 5, 4
2401, 11, 11
2503, 5, 5
186, 11, 11
2819, 5, 4
1653, 9, 9
589, 12, 12
716, 7, 7
614, 14, 14
3770, 8, 8
386, 11, 11
1016, 7, 7
1612, 8, 8
3184, 11, 12
1135, 7, 7
922, 5, 5
3780, 9, 9
2068, 8, 8
1411, 10, 10
2576, 6, 6
3632, 5, 4
2654, 8, 8
